0.0548474314407107
0.0177674777906528
0.166473541908073
0.0324449594438007
0.988026264967169
0.16492854383932
0.0699111626110467
0.0424874468906914
0.0189262263422171
0.0127462340672074
0.165701042873696
0.0200849748937814
0.0119737350328312
0.0100424874468907
0.952877558903051
0.0316724604094245
0.0131324835843955
0.0100424874468907
0.0347624565469293
0.0536886828891464
0.0320587099266126
0.052143684820394
0.011201235998455
0.056006179992275
0.0100424874468907
0.0312862108922364
0.0753186558516802
0.0100424874468907
0.0915411355735805
0.88605639242951
0.0648899188876014
0.0320587099266126
0.0563924295094631
0.0675936655079181
0.113943607570491
0.0347624565469293
0.0177674777906528
0.033603707995365
0.0123599845500193
0.0312862108922364
0.0139049826187717
0.0135187331015836
0.0169949787562766
0.0216299729625338
0.0390112012359985
0.0270374662031672
0.160293549633063
0.0505986867516416
0.0366937041328698
0.0142912321359598
0.0119737350328312
0.0247199691000386
0.0146774816531479
0.0405561993047509
0.0258787176516029
0.0266512166859791
0.015063731170336
0.159521050598687
0.0100424874468907
0.0231749710312862
0.056006179992275
0.0108149864812669
0.0556199304750869
0.0169949787562766
0.0100424874468907
0.0162224797219003
0.0177674777906528
0.0139049826187717
0.0390112012359985
0.011201235998455
0.991116261104674
0.048667439165701
0.0127462340672074
0.0563924295094631
0.048667439165701
0.0220162224797219
0.0397837002703747
0.0115874855156431
0.0285824642719197
0.0463499420625724
0.0135187331015836
0.0123599845500193
0.0440324449594438
0.048667439165701
0.0301274623406721
0.0139049826187717
0.0127462340672074
0.0177674777906528
0.0100424874468907
0.0243337195828505
0.0289687137891078
0.0154499806875241
0.0251062186172267
0.0730011587485516
0.0139049826187717
0.0100424874468907
0.0108149864812669
0.0169949787562766
0.0301274623406721
0.0119737350328312
0.0351487060641174
0.0108149864812669
0.0189262263422171
0.0108149864812669
0.0181537273078409
0.0181537273078409
0.0451911935110081
0.0123599845500193
0.0104287369640788
0.0363074546156817
0.029741212823484
0.037466203167246
0.0320587099266126
0.0131324835843955
0.0324449594438007
0.0115874855156431
0.011201235998455
0.0370799536500579
0.0115874855156431
0.0289687137891078
0.0316724604094245
0.899575125531093
0.0471224410969486
0.0104287369640788
0.0656624179219776
0.0571649285438393
0.033603707995365
0.160293549633063
0.0583236770954036
0.0131324835843955
0.0513711857860178
0.0231749710312862
0.164542294322132
0.0278099652375435
0.0227887215140981
0.0177674777906528
0.0567786790266512
0.0266512166859791
0.0339899575125531
0.0139049826187717
0.0648899188876014
0.0100424874468907
0.0923136346079567
0.0324449594438007
0.0243337195828505
0.0108149864812669
0.0131324835843955
0.0386249517188103
0.0162224797219003
0.0664349169563538
0.0100424874468907
0.0162224797219003
0.0594824256469679
0.0189262263422171
0.0699111626110467
0.0104287369640788
0.0251062186172267
0.505986867516416
0.0115874855156431
0.0544611819235226
0.0119737350328312
0.0142912321359598
0.0169949787562766
0.0251062186172267
0.018539976825029
0.0173812282734647
0.0115874855156431
0.0892236384704519
0.0169949787562766
0.0108149864812669
0.0351487060641174
0.0363074546156817
0.508690614136732
0.0320587099266126
0.015063731170336
0.0131324835843955
0.0127462340672074
0.0158362302047122
0.0189262263422171
0.0169949787562766
0.0289687137891078
0.0123599845500193
0.0602549246813441
0.0115874855156431
0.0305137118578602
0.0903823870220162
0.0382387022016222
0.0131324835843955
0.0293549633062959
0.0108149864812669
0.561993047508691
0.235612205484743
0.0235612205484743
0.0135187331015836
0.0254924681344148
0.0189262263422171
0.0281962147547316
0.0123599845500193
0.0166087292390884
0.0695249130938586
0.0702974121282348
0.0467361915797605
0.508304364619544
0.0220162224797219
0.0285824642719197
0.015063731170336
0.018539976825029
0.037466203167246
0.0424874468906914
0.0166087292390884
0.0115874855156431
0.0888373889532638
0.0173812282734647
0.0100424874468907
0.88180764774044
0.0119737350328312
0.0189262263422171
0.12630359212051
0.0946311317110854
0.0100424874468907
0.104287369640788
0.0305137118578602
0.0880648899188876
0.0177674777906528
0.104673619157976
0.0216299729625338
0.0324449594438007
0.0135187331015836
0.018539976825029
0.0100424874468907
0.0332174584781769
0.0115874855156431
0.0231749710312862
0.0166087292390884
0.0563924295094631
0.595210505986868
0.0173812282734647
0.0166087292390884
0.0239474700656624
0.0227887215140981
0.029741212823484
0.0100424874468907
0.136732329084589
0.0131324835843955
0.0146774816531479
0.0301274623406721
0.0169949787562766
0.0266512166859791
0.0173812282734647
0.0131324835843955
0.0695249130938586
0.137504828118965
0.0347624565469293
0.161066048667439
0.0540749324063345
0.0254924681344148
0.0490536886828891
0.0567786790266512
0.0285824642719197
0.018539976825029
0.0305137118578602
0.0641174198532252
0.0181537273078409
0.0142912321359598
0.0115874855156431
0.0216299729625338
0.0100424874468907
0.0108149864812669
0.0139049826187717
0.0529161838547702
0.0204712244109695
0.0293549633062959
0.0451911935110081
0.0189262263422171
0.018539976825029
0.018539976825029
0.0270374662031672
0.0204712244109695
0.0123599845500193
0.0548474314407107
0.056006179992275
0.0204712244109695
0.0413286983391271
0.877945152568559
0.0397837002703747
0.236770954036307
0.0173812282734647
0.0270374662031672
0.0108149864812669
0.0525299343375821
0.0169949787562766
0.245268443414446
0.033603707995365
0.0393974507531866
0.0169949787562766
0.0104287369640788
0.0339899575125531
0.0135187331015836
0.0139049826187717
0.0212437234453457
0.441096948628814
0.0285824642719197
0.0301274623406721
0.0424874468906914
0.033603707995365
0.0428736964078795
0.0231749710312862
0.0142912321359598
0.0216299729625338
0.0687524140594824
0.0305137118578602
0.015063731170336
0.0100424874468907
0.0254924681344148
0.0100424874468907
0.0278099652375435
0.0142912321359598
